  0        0 4.3
  1   100000 2.3
  2   200000 4.3
  3   300000 8.7
  4   400000 9.3
  5   500000 5.7
  6   600000 10.0
  7   700000 10.7
  8   800000 19.3
  9   900000 21.7
 10  1000000 34.3
 11  1100000 36.0
 12  1200000 43.3
 13  1300000 41.0
 14  1400000 49.7
 15  1500000 49.0
 16  1600000 50.0
 17  1700000 47.3
 18  1800000 60.0
 19  1900000 71.3
 20  2000000 154.3
 21  2100000 51.0
 22  2200000 64.7
 23  2300000 67.3
 24  2400000 34.7
 25  2500000 57.0
 26  2600000 93.7
 27  2700000 127.7
 28  2800000 62.7
 29  2900000 114.7
 30  3000000 123.0
 31  3100000 56.3
 32  3200000 50.7
 33  3300000 53.3
 34  3400000 110.0
 35  3500000 109.0
 36  3600000 73.0
 37  3700000 56.0
 38  3800000 40.7
 39  3900000 60.7
 40  4000000 106.3
 41  4100000 65.0
 42  4200000 125.7
 43  4300000 56.3
 44  4400000 85.0
 45  4500000 136.3
 46  4600000 189.0
 47  4700000 98.0
 48  4800000 110.7
 49  4900000 68.3

  0        0 113.3
  1   100000 29.7
  2   200000 121.7
  3   300000 53.3
  4   400000 62.7
  5   500000 78.3
  6   600000 71.0
  7   700000 32.0
  8   800000 112.3
  9   900000 120.0
 10  1000000 50.3
 11  1100000 88.7
 12  1200000 109.0
  0        0 113.3
  1   100000 29.7
  2   200000 121.7
  3   300000 53.3
  4   400000 62.7
  5   500000 78.3
  6   600000 71.0
  7   700000 32.0
  8   800000 112.3
  9   900000 120.0
 10  1000000 50.3
 11  1100000 88.7
 12  1200000 109.0
 13  1300000 40.7
 14  1400000 109.0
 15  1500000 71.7
 16  1600000 107.7
 17  1700000 180.0
 18  1800000 44.3
 19  1900000 80.3
 20  2000000 44.7
 21  2100000 56.0
 22  2200000 62.0
 23  2300000 75.3
 24  2400000 53.0
 25  2500000 42.0
 26  2600000 203.7
 27  2700000 90.3
 28  2800000 71.3
 29  2900000 134.3
 30  3000000 68.0
 31  3100000 71.0
 32  3200000 115.0
 33  3300000 82.7
 34  3400000 177.0
 35  3500000 62.7
 36  3600000 74.3
 37  3700000 65.7
 38  3800000 99.3
 39  3900000 26.3
 40  4000000 92.7
 41  4100000 56.3
 42  4200000 57.0
 43  4300000 90.7
 44  4400000 29.7
 45  4500000 130.0
 46  4600000 113.3
 47  4700000 33.3
 48  4800000 176.7
 49  4900000 93.0
 50  5000000 137.0
 51  5100000 132.3
 52  5200000 45.3
 53  5300000 184.0
 54  5400000 146.3
 55  5500000 100.7
 56  5600000 98.3
 57  5700000 72.0
 58  5800000 295.0
 59  5900000 139.3
 60  6000000 122.7
 61  6100000 113.3
 62  6200000 158.3
 63  6300000 136.3
 64  6400000 95.3
 65  6500000 147.0
 66  6600000 130.0
 67  6700000 50.0
 68  6800000 47.7
 69  6900000 37.0
 70  7000000 132.0
 71  7100000 86.3
 72  7200000 58.7
 73  7300000 52.7
 74  7400000 147.0
 75  7500000 127.7
 76  7600000 186.0
 77  7700000 32.3
 78  7800000 58.0
 79  7900000 77.0
 80  8000000 119.0
 81  8100000 176.3
 82  8200000 83.3
 83  8300000 169.7
 84  8400000 118.7
 85  8500000 85.7
 86  8600000 53.0
 87  8700000 222.7
 88  8800000 108.7
 89  8900000 172.0
 90  9000000 258.3
 91  9100000 89.7
 92  9200000 73.7
 93  9300000 81.3
 94  9400000 96.3
 95  9500000 51.3
 96  9600000 179.0
 97  9700000 230.7
 98  9800000 220.7
 99  9900000 189.3
100 10000000 215.0
101 10100000 79.7
102 10200000 210.0
103 10300000 54.0
104 10400000 185.3
105 10500000 247.7
106 10600000 153.7
107 10700000 56.0
108 10800000 158.7
109 10900000 137.0
110 11000000 36.0
111 11100000 335.0
112 11200000 185.0
113 11300000 49.7
114 11400000 136.0
115 11500000 285.3
116 11600000 367.7
117 11700000 75.0
118 11800000 149.7
119 11900000 65.3
